(int, (-1, -1))
(identifier, (2, 0))
(,, (-1, -1))
(identifier, (2, 1))
(,, (-1, -1))
(identifier, (2, 2))
(;, (-1, -1))
(int, (-1, -1))
(identifier, (58, 0))
(<-, (-1, -1))
(-Infinity, (-1, -1))
(;, (-1, -1))
(identifier, (58, 0))
(<-, (-1, -1))
(constant, (54, 0))
(+, (-1, -1))
(identifier, (2, 0))
(if, (-1, -1))
((, (-1, -1))
(identifier, (2, 0))
(>=, (-1, -1))
(identifier, (58, 0))
(), (-1, -1))
(then, (-1, -1))
(identifier, (58, 0))
(<-, (-1, -1))
(identifier, (2, 0))
(;, (-1, -1))
(if, (-1, -1))
((, (-1, -1))
(identifier, (2, 1))
(>=, (-1, -1))
(identifier, (58, 0))
(), (-1, -1))
(then, (-1, -1))
(identifier, (58, 0))
(<-, (-1, -1))
(identifier, (2, 1))
(;, (-1, -1))
(if, (-1, -1))
((, (-1, -1))
(identifier, (2, 2))
(>=, (-1, -1))
(identifier, (58, 0))
(), (-1, -1))
(then, (-1, -1))
(identifier, (58, 0))
(<-, (-1, -1))
(identifier, (2, 2))
(;, (-1, -1))
(Print, (-1, -1))
((, (-1, -1))
(identifier, (58, 0))
(), (-1, -1))
(;, (-1, -1))
